Disco: pollo
Nombre Particion: d
Reporte de inodos
Fecha del reporte: Wed Sep 13 22:07:29 2017

-------------------------------
|1|1|1|0|0|0|0|0|0|0|0|0|0|0|0|0|0|0|0|0|
|0|0|0|0|0|0|0|0|0|0|0|0|0|0|0|0|0|0|0|0|
|0|0|0|0|0|0|0|0|0|0|0|0|0|0|0|0|0|0|0|0|
|0|0|0|0|0|0|0|0|0|0|0|0|0|0|0|0|0|0|0|0|
|0|0|0|0|0|0|0|0|0|0|0|0|0|0|0|0|0|0|0|0|
|0|0|0|0|0|0|0|0|0|0|0|0|0|0|0|0|0|0|0|0|
|0|0|0|0|0|0|0|0|0|0|0|0|0|0|0|0|0|0|0|0|
|0|0|0|0|0|0|0|0|0|0|0|0|0|0|0|0|0|0|0|0|
|0|0|0|0|0|0|0|0|0|0|0|0|0|0|0|0|0|0|0|0|
|0|0|0|0|0|0|0|0|0|0|0|0|0|0|0|0|0|0|0|0|
|0|0|0|0|0|0|0|0|0|0|0|0|0|0|0|0|0|0|0|0|
|0|0|0|0|0|0|0|0|0|0|0|0|0|0|0|0|0|0|0|0|
|0|0|0|0|0|0|0|0|0|0|0|0|0|0|0|0|0|0|0|0|
|0|0|0|0|0|0|0|0|0|0|0|0|0|0|0|0|0|0|0|0|
|0|0|0|0|0|0|0|0|0|0|0|0|0|0|0|0|0|0|0|0|
|0|0|0|0|0|0|0|0|0|0|0|0|0|0|0|0|0|0|0|0|
|0|0|0|0|0|0|0|0|0|0|0|0|0|0|0|0|0|0|0|0|
|0|0|0|0|0|0|0|0|0|0|0|0|0|0|0|0|0|0|0|0|
|0|0|0|0|0|0|0|0|0|0|0|0|0|0|0|0|0|0|0|0|
|0|0|0|0|0|0|0|0|0|0|0|0|0|0|0|0|0|0|0|0|
|0|0|0|0|0|0|0|0|0|0|0|0|0|0|0|0|0|0|0|0|
|0|0|0|0|0|0|0|0|0|0|0|0|0|0|0|0|0|0|0|0|
|0|0|0|0|0|0|0|0|0|0|0|0|0|0|0|0|0|0|0|0|
|0|0|0|0|0|0|0|0|0|0|0|0|0|0|0|0|0|0|0|0|
|0|0|0|0|0|0|0|0|0|0|0|0|0|0|0|0|0|0|0|0|
|0|0|0|0|0|0|0|0|0|0|0|0|0|0|0|0|0|0|0|0|
|0|0|0|0|0|0|0|0|0|0|0|0|0|0|0|0|0|0|0|0|
|0|0|0|0|0|0|0|0|0|0|0|0|0|0|0|0|0|0|0|0|
|0|0|0|0|0|0|0|0|0|0|0|0|0|0|0|0|0|0|0|0|
|0|0|0|0|0|0|0|0|0|0|0|0|0|0|0|0|0|0|0|0|
|0|0|0|0|0|0|0|0|0|0|0|0|0|0|0|0|0|0|0|0|
|0|0|0|0|0|0|0|0|0|0|0|0|0|0|0|0|0|0|0|0|
|0|0|0|0|0|0|0|0|0|0|0|0|0|0|0|0|0|0|0|0|
|0|0|0|0|0|0|0|0|0|0|0|0|0|0|0|0|0|0|0|0|
|0|0|0|0|0|0|0|0|0|0|0|0|0|0|0|0|0|0|0|0|
|0|0|0|0|0|0|0|0|0|0|0|0|0|0|0|0|0|0|0|0|
|0|0|0|0|0|0|0|0|0|0|0|0|0|0|0|0|0|0|0|0|
|0|0|0|0|0|0|0|0|0|0|0|0|0|0|0|0|0|0|0|0|
|0|0|0|0|0|0|0|0|0|0|0|0|0|0|0|0|0|0|0|0|
|0|0|0|0|0|0|0|0|0|0|0|0|0|0|0|0|0|0|0|0|
|0|0|0|0|0|0|0|0|0|0|0|0|0|0|0|0|0|0|0|0|
|0|0|0|0|0|0|0|0|0|0|0|0|0|0|0|0|0|0|0|0|
|0|0|0|0|0|0|0|0|0|0|0|0|0|0|0|0|0|0|0|0|
|0|0|0|0|0|0|0|0|0|0|0|0|0|0|0|0|0|0|0|0|
|0|0|0|0|0|0|0|0|0|0|0|0|0|0|0|0|0|0|0|0|
|0|0|0|0|0|0|0|0|0|0|0|0|0|0|0|0|0|0|0|0|
|0|0|0|0|0|0|0|0|0|0|0|0|0|0|0|0|0|0|0|0|
|0|0|0|0|0|0|0|0|0|0|0|0|0|0|0|0|0|0|0|0|
|0|0|0|0|0|0|0|0|0|0|0|0|0|0|0|0|0|0|0|0|
|0|0|0|0|0|0|0|0|0|0|0|0|0|0|0|0|0|0|0|0|
|0|0|0|0|0|0|0|0|0|0|0|0|0|0|0|0|0|0|0|0|
|0|0|0|0|0|0|0|0|0|0|0|0|0|0|0|0|0|0|0|0|
|0|0|0|0|0|0|0|0|0|0|0|0|0|0|0|0|0|0|0|0|
|0|0|0|0|0|0|0|0|0|0|0|0|0|0|0|0|0|0|0|0|
|0|0|0|0|0|0|0|0|0|0|0|0|0|0|0|0|0|0|0|0|
|0|0|0|0|0|0|0|0|0|0|0|0|0|0|0|0|0|0|0|0|
|0|0|0|0|0|0|0|0|0|0|0|0|0|0|0|0|0|0|0|0|
|0|0|0|0|0|0|0|0|0|0|0|0|0|0|0|0|0|0|0|0|
|0|0|0|0|0|0|0|0|0|0|0|0|0|0|0|0|0|0|0|0|
|0|0|0|0|0|0|0|0|0|0|0|0|0|0|0|0|0|0|0|0|
|0|0|0|0|0|0|0|0|0|0|0|0|0|0|0|0|0|0|0|0|
|0|0|0|0|0|0|0|0|0|0|0|0|0|0|0|0|0|0|0|0|
|0|0|0|0|0|0|0|0|0|0|0|0|0|0|0|0|0|0|0|0|
|0|0|0|0|0|0|0|0|0|0|0|0|0|0|0|0|0|0|0|0|
|0|0|0|0|0|0|0|0|0|0|0|0|0|0|0|0|0|0|0|0|
|0|0|0|0|0|0|0|0|0|0|0|0|0|0|0|0|0|0|0|0|
|0|0|0|0|0|0|0|0|0|0|0|0|0|0|0|0|0|0|0|0|
|0|0|0|0|0|0|0|0|0|0|0|0|0|0|0|0|0|0|0|0|
|0|0|0|0|0|0|0|0|0|0|0|0|0|0|0|0|0|0|0|0|
|0|0|0|0|0|0|0|0|0|0|0|0|0|0|0|0|0|0|0|0|
|0|0|0|0|0|0|0|0|0|0|0|0|0|0|0|0|0|0|0|0|
|0|0|0|0|0|0|0|0|0|0|0|0|0|0|0|0|0|0|0|0|
|0|0|0|0|0|0|0|0|0|0|0|0|0|0|0|0|0|0|0|0|
|0|0|0|0|0|0|0|0|0|0|0|0|0|0|0|0|0|0|0|0|
|0|0|0|0|0|0|0|0|0|0|0|0|0|0|0|0|0|0|0|0|
|0|0|0|0|0|0|0|0|0|0|0|0|0|0|0|0|0|0|0|0|
|0|0|0|0|0|0|0|0|0|0|0|0|0|0|0|0|0|0|0|0|
|0|0|0|0|0|0|0|0|0|0|0|0|0|0|0|0|0|0|0|0|
|0|0|0|0|0|0|0|0|0|0|0|0|0|0|0|0|0|0|0|0|
|0|0|0|0|0|0|0|0|0|0|0|0|0|0|0|0|0|0|0|0|
|0|0|0|0|0|0|0|0|0|0|0|0|0|0|0|0|0|0|0|0|
|0|0|0|0|0|0|0|0|0|0|0|0|0|0|0|0|0|0|0|0|
|0|0|0|0|0|0|0|0|0|0|0|0|0|0|0|0|0|0|0|0|
|0|0|0|0|0|0|0|0|0|0|0|0|0|0|0|0|0|0|0|0|
|0|0|0|0|0|0|0|0|0|0|0|0|0|0|0|0|0|0|0|0|
|0|0|0|0|0|0|0|0|0|0|0|0|0|0|0|0|0|0|0|0|
|0|0|0|0|0|0|0|0|0|0|0|0|0|0|0|0|0|0|0|0|
|0|0|0|0|0|0|0|0|0|0|0|0|0|0|0|0|0|0|0|0|
|0|0|0|0|0|0|0|0|0|0|0|0|0|0|0|0|0|0|0|0|
|